data/EMR0OPSFIN_20261450000_01D_01H_GIM.INX
     1.0            IONOSPHERE MAPS     GNSS                IONEX VERSION / TYPE
Run_GlbDaily        NRCan/CGS           27-May-26 12:15     PGM / RUN BY / DATE
NRCAN'S GLOBAL IONOSPHERE MAPS FOR DAY 145, 2026            COMMENT
Global ionosphere maps (GIM) are generated on a daily basis DESCRIPTION
Contact:     Reza.Ghoddousi-Fard@canada.ca                  DESCRIPTION
  2026     5    25     0     0     0                        EPOCH OF FIRST MAP
  2026     5    26     0     0     0                        EPOCH OF LAST MAP
  3600                                                      INTERVAL
    25                                                      # OF MAPS IN FILE
  MOD                                                       MAPPING FUNCTION
    10.0                                                    ELEVATION CUTOFF
One-way carrier phase leveled to code                       OBSERVABLES USED
   312                                                      # OF STATIONS
    53                                                      # OF SATELLITES
  6371.0                                                    BASE RADIUS
     2                                                      MAP DIMENSION
   450.0 450.0   0.0                                        HGT1 / HGT2 / DHGT
    87.5 -87.5  -2.5                                        LAT1 / LAT2 / DLAT
  -180.0 180.0   5.0                                        LON1 / LON2 / DLON
    -1                                                      EXPONENT
TEC/RMS values in 0.1 TECU; 9999, if no value available     COMMENT
List of stations:                                           COMMENT
acrg adis aira albh alg3 algo alic areq arht ascg aspa auck COMMENT
badg baie bake barh bcrk bele bill bjfs blyt boav bogt bor1 COMMENT
braz brew brft brst brux bshm bucu cags camb cas1 cbrg ccj2 COMMENT
cedu chan chpi chti chu2 chum chur chwk cibg cit1 ckis clrs COMMENT
cmp9 coco cord cote cpvg cro1 cusv cztg daej darw dav1 dear COMMENT
dgar dgby drao dubo dund ebre eliz escu eur2 faa1 fair falk COMMENT
ffmj flin flrs frdn gamb ganp glps gmsd gode gol2 gold gope COMMENT
gras graz guam guug hal1 harb hebb hers hert hlfx hnlc hnpt COMMENT
hnus hob2 hofn holb holm holp hrao hrst ieng iisc iitk ineg COMMENT
iqal iqqe ishi ista jog2 joz2 joze jplm karr kat1 kerg kir0 COMMENT
kiru kit3 kitg kngs kngv kokb kokv kos1 kouc kour krgg kuj2 COMMENT
lama lck4 leij lmmf lpal lpgs lpoc lvpl mac1 madr maju mal2 COMMENT
mar6 mars mas1 mat1 mate maui maw1 mbar mcm4 mdo1 medi meli COMMENT
met3 mfkg mgue mizu mkea mobs moiu morp mqzg msgr mtgn mtka COMMENT
nain nano nico nist nlib nnor not1 nrc1 nrmd ntka nya1 nyal COMMENT
oak2 onsa op71 orid owmg palm park parq pary pdel penc pert COMMENT
pgc5 picl pie1 pimo pngm poal pol2 pots pove pper prds ptal COMMENT
ptbb ptrf pwel qaq1 qiki quad quin raeg rbay reso reun reyk COMMENT
riga rio2 riop rnkn rock ross roth salu samo sant sask sbok COMMENT
sch2 scip scor sctb sey2 sfdm sfer shel sni1 sod3 sofi solo COMMENT
spt0 sthl stj2 stjo stk2 stpm str1 str2 suth sutm suwn svtl COMMENT
sydn syog tabl tdou tfno thti thu2 tid1 tidb tidv tit2 tlse COMMENT
topl torp tow2 trak tro1 trur tsk2 tskb tskt tuva twtf uclp COMMENT
uclu ufpr ulab uldi unbj urum usud vacs vald vill vis0 vndp COMMENT
wab2 warn wgtn whc1 whit widc will winn wroc wsrt wtza wtzr COMMENT
wtzs wtzz xmis yar3 yarr yebe yell ykro zamb zeck zim2 zimm COMMENT
DCB values in ns; zero-mean condition wrt satellite values  COMMENT
                                                            END OF HEADER
[from data line 7293]
    18                                                      START OF TEC MAP
  2026     5    25    17     0     0                        EPOCH OF CURRENT MAP
    87.5-180.0 180.0   5.0 450.0                            LAT/LON1/LON2/DLON/H
  186  186  186  186  186  187  187  187  187  188  188  188  188  189  189  190
  190  191  191  191  192  192  193  193  194  194  195  195  196  196  197  197
  197  198  198  198  198  198  198  198  198  198  198  198  198  197  197  196
  196  195  195  194  194  193  192  192  191  191  190  190  189  189  188  188
  187  187  187  187  186  186  186  186  186
    85.0-180.0 180.0   5.0 450.0                            LAT/LON1/LON2/DLON/H
  183  183  183  183  184  184  184  185  185  185  186  186  187  187  188  188
  189  190  190  191  192  193  194  195  195  196  197  198  199  200  201  201
  202  203  203  203  204  204  204  204  204  204  204  204  203  203  202  201
  200  199  198  197  196  194  193  192  190  189  188  187  186  185  184  184
  183  183  183  182  182  182  182  183  183
    82.5-180.0 180.0   5.0 450.0                            LAT/LON1/LON2/DLON/H
  183  183  184  184  185  185  185  185  185  186  186  186  186  187  187  188
  188  189  190  191  192  193  194  195  197  198  199  200  201  202  203  204
  205  206  207  207  208  208  208  208  209  208  208  208  208  207  206  205
  204  202  200  199  197  195  193  191  189  187  185  184  183  182  181  181
  180  180  180  181  181  181  182  182  183
    80.0-180.0 180.0   5.0 450.0                            LAT/LON1/LON2/DLON/H
  187  187  188  188  189  189  189  189  188  188  188  188  188  187  188  188
  188  189  190  191  192  194  195  196  198  199  200  201  203  204  205  206
  207  208  208  209  209  210  210  210  210  210  210  210  210  209  208  207
  206  204  202  199  196  194  191  188  186  184  182  181  180  179  179  179
  180  180  181  182  183  184  185  186  187
    77.5-180.0 180.0   5.0 450.0                            LAT/LON1/LON2/DLON/H
  194  194  195  195  195  195  194  194  193  192  191  191  190  189  189  189
  190  190  192  193  194  196  197  198  199  200  201  202  204  205  206  207
  208  209  209  210  210  209  209  209  209  209  209  209  209  209  209  208
  206  204  201  198  195  191  187  184  182  180  178  177  177  178  178  179
  181  182  184  186  188  190  191  192  194
    75.0-180.0 180.0   5.0 450.0                            LAT/LON1/LON2/DLON/H
  202  202  203  202  202  201  200  199  198  197  196  195  194  193  192  192
  192  193  194  196  198  199  200  201  202  203  203  204  204  205  207  208
  209  210  210  210  209  208  207  206  206  206  206  207  207  208  208  207
  206  203  200  195  191  186  182  179  176  174  174  174  175  177  179  181
  184  186  189  192  194  197  199  201  202
    72.5-180.0 180.0   5.0 450.0                            LAT/LON1/LON2/DLON/H
  209  210  209  208  207  206  205  204  203  202  201  200  198  197  196  195
  196  197  198  201  203  205  206  206  206  206  205  205  205  206  208  209
  211  212  212  211  210  208  206  204  203  202  202  204  205  206  207  207
  205  201  197  191  186  180  175  172  169  169  169  171  173  176  180  183
  187  190  194  197  200  203  206  208  209
    70.0-180.0 180.0   5.0 450.0                            LAT/LON1/LON2/DLON/H
  214  214  213  211  210  208  207  206  206  206  206  205  204  202  201  200
  200  201  204  206  209  211  212  212  211  209  208  207  207  207  209  211
  214  215  215  215  212  209  206  203  200  199  200  201  204  206  207  206
  204  200  194  187  180  174  168  165  163  163  165  168  172  177  181  185
  189  192  196  200  204  207  211  213  214
    67.5-180.0 180.0   5.0 450.0                            LAT/LON1/LON2/DLON/H
  216  216  214  212  209  207  206  206  208  210  211  211  210  209  207  206
  206  207  209  213  216  218  219  218  216  213  211  209  208  209  212  215
  218  220  220  219  217  213  208  204  201  199  200  202  204  207  208  207
  204  199  192  183  175  168  163  160  159  160  163  167  172  177  181  185
  188  191  194  198  202  207  211  215  216
    65.0-180.0 180.0   5.0 450.0                            LAT/LON1/LON2/DLON/H
  216  216  213  210  206  203  203  205  208  212  215  217  217  216  214  212
  211  212  214  218  222  224  225  224  221  217  213  211  211  213  216  219
  223  225  226  226  223  219  214  209  205  203  203  205  208  210  211  209
  205  198  190  181  173  166  161  158  158  160  164  168  173  177  180  182
  184  186  188  192  196  202  208  213  216
    62.5-180.0 180.0   5.0 450.0                            LAT/LON1/LON2/DLON/H
  213  214  212  208  203  200  199  202  208  214  219  222  223  222  220  217
  216  216  218  222  226  229  230  228  224  220  216  215  215  218  221  225
  229  232  233  232  230  226  221  216  212  210  210  211  213  215  214  211
  206  198  189  180  173  167  163  162  163  165  168  171  174  176  178  178
  177  177  178  181  186  193  201  208  213
    60.0-180.0 180.0   5.0 450.0                            LAT/LON1/LON2/DLON/H
  210  213  212  208  202  198  198  202  208  215  222  226  228  228  225  222
  220  219  220  223  227  230  231  230  226  222  219  219  221  225  229  233
  236  238  239  239  238  235  231  227  223  221  220  220  221  220  218  213
  206  198  189  181  176  172  171  171  172  173  174  175  176  176  174  172
  169  167  166  168  174  182  192  202  210
    57.5-180.0 180.0   5.0 450.0                            LAT/LON1/LON2/DLON/H
  208  214  215  211  205  201  200  204  210  218  224  229  231  231  229  226
  223  221  220  223  226  230  231  230  227  224  223  225  230  235  239  242
  243  244  245  245  245  244  242  239  236  233  232  230  228  225  220  213
  205  196  189  183  180  180  181  183  184  184  183  181  178  174  170  166
  161  158  156  157  162  171  183  196  208
    55.0-180.0 180.0   5.0 450.0                            LAT/LON1/LON2/DLON/H
  206  217  222  219  214  209  207  210  216  222  227  230  231  232  232  230
  226  222  220  221  224  228  230  229  227  226  228  233  240  247  251  252
  252  250  250  251  253  254  253  252  250  247  244  240  235  228  220  211
  202  194  188  185  186  189  194  197  198  196  191  185  179  173  167  161
  156  152  150  150  154  162  175  191  206
    52.5-180.0 180.0   5.0 450.0                            LAT/LON1/LON2/DLON/H
  205  221  230  230  226  221  219  221  225  228  230  230  230  232  233  233
  230  225  220  220  222  227  229  230  228  228  233  241  251  260  264  264
  261  258  257  258  261  264  265  265  263  260  255  248  240  230  219  209
  199  192  187  187  191  197  204  209  209  205  198  189  179  171  164  158
  154  152  150  149  151  157  169  186  205
    50.0-180.0 180.0   5.0 450.0                            LAT/LON1/LON2/DLON/H
  201  223  237  242  239  234  232  234  237  238  235  230  228  230  234  236
  234  228  222  220  222  227  230  231  231  232  238  249  262  272  277  276
  272  268  266  268  272  275  278  278  276  273  266  256  244  231  218  206
  197  190  187  189  194  203  211  217  217  211  202  190  179  170  163  159
  157  157  157  156  154  155  163  179  201
    47.5-180.0 180.0   5.0 450.0                            LAT/LON1/LON2/DLON/H
  194  220  240  249  249  246  246  249  251  249  242  233  228  230  236  241
  240  233  225  222  224  229  234  236  235  238  245  258  273  284  290  289
  285  281  281  283  286  289  291  291  289  284  275  263  248  232  218  206
  197  191  189  190  196  205  214  219  219  213  203  190  179  170  164  163
  164  168  170  168  162  156  157  170  194
    45.0-180.0 180.0   5.0 450.0                            LAT/LON1/LON2/DLON/H
  182  212  238  251  254  252  255  261  266  264  253  239  230  232  240  247
  247  239  230  225  228  235  241  243  243  245  254  267  283  296  302  304
  302  300  301  303  305  306  306  305  302  296  285  270  252  235  221  210
  202  196  192  192  196  204  212  218  218  212  202  191  181  173  169  169
  175  182  187  184  172  157  149  158  182
    42.5-180.0 180.0   5.0 450.0                            LAT/LON1/LON2/DLON/H
  165  199  229  246  250  251  257  269  279  279  267  249  236  236  246  255
  255  247  236  231  234  243  250  253  253  256  265  278  294  307  316  320
  323  326  328  330  329  326  323  319  315  308  295  278  259  241  228  219
  211  205  199  196  197  202  209  214  214  209  202  193  186  180  177  179
  186  197  204  200  182  157  140  142  165
    40.0-180.0 180.0   5.0 450.0                            LAT/LON1/LON2/DLON/H
  145  182  216  234  239  241  252  271  289  295  283  262  247  244  254  263
  264  255  243  238  243  252  261  265  267  271  280  293  307  320  331  341
  350  357  361  361  356  349  342  336  330  321  307  288  268  251  239  231
  224  217  208  202  200  202  207  211  211  209  204  199  195  192  189  189
  197  209  218  214  190  156  128  124  145
    37.5-180.0 180.0   5.0 450.0                            LAT/LON1/LON2/DLON/H
  127  165  201  220  224  226  241  268  295  309  301  279  260  255  263  272
  273  263  251  247  253  264  273  279  284  292  302  315  327  339  352  367
  382  393  398  395  385  373  362  354  346  336  320  300  279  263  253  246
  239  230  219  210  206  206  209  212  213  211  209  209  209  207  203  200
  205  216  227  221  194  153  117  107  127
    35.0-180.0 180.0   5.0 450.0                            LAT/LON1/LON2/DLON/H
  115  154  189  206  208  210  228  261  299  321  318  298  277  269  274  282
  281  272  261  258  265  277  287  296  305  318  332  344  354  364  378  398
  418  432  435  427  412  396  382  373  364  352  334  312  291  276  268  262
  253  242  229  219  214  213  215  218  219  218  219  221  224  224  218  210
  210  218  228  223  194  148  108   95  115
    32.5-180.0 180.0   5.0 450.0                            LAT/LON1/LON2/DLON/H
  112  151  184  199  198  199  217  256  300  330  334  316  294  283  286  292
  291  282  273  272  281  293  304  315  331  351  370  383  390  397  412  434
  457  471  469  456  436  416  402  392  383  368  348  324  303  290  282  275
  264  250  237  228  225  225  227  229  229  228  229  233  238  239  231  218
  211  215  222  217  189  144  104   92  112
    30.0-180.0 180.0   5.0 450.0                            LAT/LON1/LON2/DLON/H
  120  158  189  200  197  196  214  254  302  337  347  333  312  299  299  304
  303  296  290  292  301  313  324  338  360  389  415  430  434  438  451  474
  496  506  498  477  453  432  419  410  400  383  359  334  314  302  295  286
  271  253  240  235  235  239  241  243  242  239  239  242  248  249  239  221
  207  206  211  207  181  140  105   97  120
    27.5-180.0 180.0   5.0 450.0                            LAT/LON1/LON2/DLON/H
  137  174  202  210  206  205  221  259  306  343  357  348  329  316  315  319
  318  314  311  316  327  337  347  364  393  430  464  481  483  483  493  514
  533  535  519  490  463  445  434  427  415  395  368  341  323  313  306  292
  272  251  239  239  244  251  255  255  253  248  244  245  251  251  240  218
  199  193  196  193  172  138  112  111  137
    25.0-180.0 180.0   5.0 450.0                            LAT/LON1/LON2/DLON/H
  160  195  219  226  224  224  239  271  312  348  365  360  345  334  333  337
  338  336  337  345  357  366  375  392  426  472  512  531  531  527  534  552
  564  558  531  497  469  454  448  441  426  402  373  346  330  323  314  296
  269  245  235  239  250  259  264  263  259  252  244  242  244  244  232  209
  187  178  180  178  162  137  122  130  160
    22.5-180.0 180.0   5.0 450.0                            LAT/LON1/LON2/DLON/H
  182  214  234  243  246  251  265  289  322  352  370  371  361  354  354  358
  361  362  367  377  390  398  405  422  459  510  554  574  572  565  569  583
  589  573  538  499  473  462  459  452  434  405  374  349  336  331  321  298
  265  237  228  236  251  262  266  265  260  250  239  231  231  229  217  194
  171  161  163  163  152  136  133  150  182
    20.0-180.0 180.0   5.0 450.0                            LAT/LON1/LON2/DLON/H
  199  227  243  254  265  278  292  309  331  355  373  379  376  374  376  382
  387  390  397  409  422  430  435  450  488  540  586  606  602  593  594  605
  606  583  541  501  478  472  471  461  438  405  372  350  341  337  327  299
  261  230  221  231  248  259  261  260  255  245  231  218  213  209  196  174
  153  144  147  149  142  135  141  166  199
    17.5-180.0 180.0   5.0 450.0                            LAT/LON1/LON2/DLON/H
  207  229  242  256  277  300  316  326  337  354  373  385  389  393  399  407
  412  416  424  437  451  458  462  476  510  560  604  623  617  607  608  617
  615  588  544  505  487  485  484  468  437  400  369  350  344  343  331  301
  259  226  216  227  243  251  252  251  248  239  223  207  196  188  174  153
  134  128  133  136  133  131  145  175  207
    15.0-180.0 180.0   5.0 450.0                            LAT/LON1/LON2/DLON/H
  203  219  229  247  278  310  329  334  337  348  368  386  398  408  418  428
  434  438  445  458  472  481  485  496  526  570  609  624  618  607  610  620
  618  592  550  516  502  503  497  473  434  394  364  349  347  346  334  302
  259  225  214  224  238  243  241  241  241  236  220  201  185  172  154  132
  116  113  121  126  124  126  144  174  203
    12.5-180.0 180.0   5.0 450.0                            LAT/LON1/LON2/DLON/H
  191  201  207  229  268  308  329  330  327  336  357  381  401  416  430  442
  449  451  456  468  484  495  501  511  535  572  603  614  606  597  602  615
  617  594  559  531  523  522  510  475  429  386  358  347  346  345  332  301
  260  226  215  223  233  236  234  235  239  237  224  203  183  164  142  117
  100  100  111  118  117  120  137  166  191
    10.0-180.0 180.0   5.0 450.0                            LAT/LON1/LON2/DLON/H
  172  177  182  206  250  294  315  314  308  316  340  369  395  416  434  448
  454  455  458  469  486  501  510  520  540  568  591  597  588  581  588  605
  612  596  569  550  545  542  520  474  420  376  351  342  341  338  325  297
  259  228  217  222  231  233  232  235  243  245  234  214  191  167  138  107
   89   90  104  113  112  113  128  153  172
     7.5-180.0 180.0   5.0 450.0                            LAT/LON1/LON2/DLON/H
  153  155  160  186  230  273  292  289  282  291  317  350  380  405  426  442
  450  450  452  462  481  500  514  526  541  561  577  578  568  562  572  592
  604  596  578  566  564  556  524  468  408  365  343  335  330  324  311  288
  256  228  217  221  230  234  236  242  252  255  247  229  207  179  143  106
   83   83   98  110  110  109  119  139  153
     5.0-180.0 180.0   5.0 450.0                            LAT/LON1/LON2/DLON/H
  136  139  146  172  214  251  265  259  253  263  291  326  358  386  410  428
  437  438  440  450  471  495  514  529  542  556  565  562  551  546  556  577
  592  591  582  576  575  561  519  455  393  352  332  323  313  302  289  272
  247  224  212  216  228  238  245  254  263  266  259  245  225  196  155  111
   82   79   95  108  109  106  112  126  136
     2.5-180.0 180.0   5.0 450.0                            LAT/LON1/LON2/DLON/H
  124  130  143  170  206  235  241  233  227  239  266  300  331  360  386  407
  419  422  426  438  461  489  514  532  544  554  557  551  539  532  541  560
  576  579  576  575  573  553  504  435  373  336  319  306  290  273  261  250
  233  213  202  206  223  242  256  266  272  271  264  254  239  212  169  120
   85   78   93  108  111  107  108  116  124
