data/EMR0OPSFIN_20261450000_01D_01H_GIM.INX
     1.0            IONOSPHERE MAPS     GNSS                IONEX VERSION / TYPE
Run_GlbDaily        NRCan/CGS           27-May-26 12:15     PGM / RUN BY / DATE
NRCAN'S GLOBAL IONOSPHERE MAPS FOR DAY 145, 2026            COMMENT
Global ionosphere maps (GIM) are generated on a daily basis DESCRIPTION
Contact:     Reza.Ghoddousi-Fard@canada.ca                  DESCRIPTION
  2026     5    25     0     0     0                        EPOCH OF FIRST MAP
  2026     5    26     0     0     0                        EPOCH OF LAST MAP
  3600                                                      INTERVAL
    25                                                      # OF MAPS IN FILE
  MOD                                                       MAPPING FUNCTION
    10.0                                                    ELEVATION CUTOFF
One-way carrier phase leveled to code                       OBSERVABLES USED
   312                                                      # OF STATIONS
    53                                                      # OF SATELLITES
  6371.0                                                    BASE RADIUS
     2                                                      MAP DIMENSION
   450.0 450.0   0.0                                        HGT1 / HGT2 / DHGT
    87.5 -87.5  -2.5                                        LAT1 / LAT2 / DLAT
  -180.0 180.0   5.0                                        LON1 / LON2 / DLON
    -1                                                      EXPONENT
TEC/RMS values in 0.1 TECU; 9999, if no value available     COMMENT
List of stations:                                           COMMENT
acrg adis aira albh alg3 algo alic areq arht ascg aspa auck COMMENT
badg baie bake barh bcrk bele bill bjfs blyt boav bogt bor1 COMMENT
braz brew brft brst brux bshm bucu cags camb cas1 cbrg ccj2 COMMENT
cedu chan chpi chti chu2 chum chur chwk cibg cit1 ckis clrs COMMENT
cmp9 coco cord cote cpvg cro1 cusv cztg daej darw dav1 dear COMMENT
dgar dgby drao dubo dund ebre eliz escu eur2 faa1 fair falk COMMENT
ffmj flin flrs frdn gamb ganp glps gmsd gode gol2 gold gope COMMENT
gras graz guam guug hal1 harb hebb hers hert hlfx hnlc hnpt COMMENT
hnus hob2 hofn holb holm holp hrao hrst ieng iisc iitk ineg COMMENT
iqal iqqe ishi ista jog2 joz2 joze jplm karr kat1 kerg kir0 COMMENT
kiru kit3 kitg kngs kngv kokb kokv kos1 kouc kour krgg kuj2 COMMENT
lama lck4 leij lmmf lpal lpgs lpoc lvpl mac1 madr maju mal2 COMMENT
mar6 mars mas1 mat1 mate maui maw1 mbar mcm4 mdo1 medi meli COMMENT
met3 mfkg mgue mizu mkea mobs moiu morp mqzg msgr mtgn mtka COMMENT
nain nano nico nist nlib nnor not1 nrc1 nrmd ntka nya1 nyal COMMENT
oak2 onsa op71 orid owmg palm park parq pary pdel penc pert COMMENT
pgc5 picl pie1 pimo pngm poal pol2 pots pove pper prds ptal COMMENT
ptbb ptrf pwel qaq1 qiki quad quin raeg rbay reso reun reyk COMMENT
riga rio2 riop rnkn rock ross roth salu samo sant sask sbok COMMENT
sch2 scip scor sctb sey2 sfdm sfer shel sni1 sod3 sofi solo COMMENT
spt0 sthl stj2 stjo stk2 stpm str1 str2 suth sutm suwn svtl COMMENT
sydn syog tabl tdou tfno thti thu2 tid1 tidb tidv tit2 tlse COMMENT
topl torp tow2 trak tro1 trur tsk2 tskb tskt tuva twtf uclp COMMENT
uclu ufpr ulab uldi unbj urum usud vacs vald vill vis0 vndp COMMENT
wab2 warn wgtn whc1 whit widc will winn wroc wsrt wtza wtzr COMMENT
wtzs wtzz xmis yar3 yarr yebe yell ykro zamb zeck zim2 zimm COMMENT
DCB values in ns; zero-mean condition wrt satellite values  COMMENT
                                                            END OF HEADER
     1                                                      START OF TEC MAP
  2026     5    25     0     0     0                        EPOCH OF CURRENT MAP
    87.5-180.0 180.0   5.0 450.0                            LAT/LON1/LON2/DLON/H
  198  198  197  197  196  195  194  193  192  192  191  190  189  188  187  186
  185  184  183  182  181  180  180  179  178  178  177  176  176  176  175  175
  175  175  175  175  175  176  176  177  177  178  179  180  181  182  183  185
  186  187  189  190  191  192  194  195  196  197  197  198  199  199  200  200
  200  200  200  200  200  200  199  199  198
    85.0-180.0 180.0   5.0 450.0                            LAT/LON1/LON2/DLON/H
  209  208  207  206  204  203  202  200  199  197  195  194  192  190  188  187
  185  183  182  180  179  177  176  175  174  173  172  171  170  169  169  168
  168  167  167  167  167  167  168  168  169  170  172  174  176  178  181  184
  187  190  193  196  199  202  204  206  208  210  212  213  214  214  214  214
  214  214  214  213  212  212  211  210  209
    82.5-180.0 180.0   5.0 450.0                            LAT/LON1/LON2/DLON/H
  216  215  214  213  211  210  208  207  205  203  201  198  196  194  191  189
  187  184  182  180  178  177  175  174  173  172  171  170  169  168  168  167
  166  165  164  163  162  162  162  162  163  164  166  168  171  175  179  184
  189  194  200  205  210  214  218  221  224  226  228  228  229  229  228  227
  226  225  224  223  221  220  219  217  216
    80.0-180.0 180.0   5.0 450.0                            LAT/LON1/LON2/DLON/H
  220  219  218  217  216  215  214  212  210  208  206  204  201  198  196  193
  190  187  185  182  180  178  176  175  174  173  172  172  172  171  171  170
  169  167  166  164  162  160  159  158  158  158  160  163  167  172  179  186
  193  201  208  215  222  228  233  237  240  242  243  243  242  241  239  237
  235  232  230  228  226  224  222  221  220
    77.5-180.0 180.0   5.0 450.0                            LAT/LON1/LON2/DLON/H
  220  220  219  219  219  218  217  216  215  214  212  209  207  204  201  198
  195  192  189  186  183  181  179  178  177  176  176  176  176  176  176  175
  174  173  171  168  165  161  158  156  154  154  156  159  164  170  178  187
  197  207  217  226  234  241  247  251  254  255  255  254  252  250  247  243
  239  236  232  229  226  224  222  221  220
    75.0-180.0 180.0   5.0 450.0                            LAT/LON1/LON2/DLON/H
  219  219  219  219  219  219  219  219  219  218  217  215  213  211  208  205
  202  199  196  192  189  186  184  181  180  179  179  179  180  181  181  181
  181  179  176  173  168  164  159  155  152  151  152  155  161  169  178  189
  201  213  224  235  244  251  256  260  262  263  262  261  258  255  251  246
  241  237  232  228  225  223  221  220  219
    72.5-180.0 180.0   5.0 450.0                            LAT/LON1/LON2/DLON/H
  218  218  218  218  218  219  219  220  221  221  221  221  220  218  216  214
  212  208  205  201  197  193  190  187  184  183  182  182  183  184  185  186
  185  184  181  177  172  166  161  155  151  149  150  153  159  168  179  191
  204  216  228  239  247  254  258  261  263  263  263  262  260  257  253  249
  244  239  234  229  225  222  220  219  218
    70.0-180.0 180.0   5.0 450.0                            LAT/LON1/LON2/DLON/H
  219  218  217  216  216  217  218  219  221  223  225  226  226  226  225  224
  222  220  216  212  208  203  198  194  190  188  186  186  186  186  187  188
  188  187  184  180  175  169  162  156  151  149  149  152  159  168  179  191
  204  216  227  236  244  249  252  254  256  257  257  258  258  258  256  253
  249  244  238  233  229  225  223  221  219
    67.5-180.0 180.0   5.0 450.0                            LAT/LON1/LON2/DLON/H
  224  221  218  216  214  214  215  217  220  224  227  230  232  233  233  233
  233  231  229  225  220  215  209  203  199  195  192  190  189  189  189  189
  189  188  186  182  176  170  163  157  152  150  150  153  159  168  178  189
  200  211  220  228  233  237  239  240  242  244  248  252  256  259  261  261
  258  253  248  242  237  233  230  227  224
    65.0-180.0 180.0   5.0 450.0                            LAT/LON1/LON2/DLON/H
  234  228  223  218  214  212  213  215  219  224  229  233  236  239  240  242
  243  242  241  238  233  227  221  215  209  205  201  198  195  192  191  190
  189  188  186  183  178  171  164  158  154  152  152  155  160  167  176  184
  193  202  209  214  217  219  221  222  225  230  236  245  254  263  269  272
  271  267  261  255  250  245  242  238  234
    62.5-180.0 180.0   5.0 450.0                            LAT/LON1/LON2/DLON/H
  247  240  232  223  217  212  212  214  219  225  231  236  240  243  246  248
  250  252  252  250  246  240  234  228  223  218  214  209  204  199  195  193
  191  190  188  185  180  173  167  161  157  155  156  158  162  166  172  177
  183  189  193  197  199  200  202  204  209  216  227  240  254  267  278  284
  284  281  276  270  265  261  257  253  247
    60.0-180.0 180.0   5.0 450.0                            LAT/LON1/LON2/DLON/H
  265  256  245  234  224  217  215  216  220  226  233  238  243  246  249  253
  256  259  261  260  258  253  248  243  239  235  230  224  217  210  203  198
  195  193  192  189  183  177  170  165  161  160  160  162  163  164  166  168
  171  173  176  179  181  184  187  191  198  208  221  237  255  272  286  294
  296  293  288  283  279  277  275  271  265
    57.5-180.0 180.0   5.0 450.0                            LAT/LON1/LON2/DLON/H
  286  276  264  250  238  228  223  222  225  230  236  242  246  249  252  256
  260  264  268  270  269  266  262  259  256  253  248  242  233  222  213  205
  201  199  198  195  190  183  176  170  167  166  165  165  163  161  159  157
  157  158  160  163  167  172  178  185  194  205  219  236  255  274  289  299
  302  300  295  292  290  291  293  291  286
    55.0-180.0 180.0   5.0 450.0                            LAT/LON1/LON2/DLON/H
  308  299  287  273  259  247  239  235  234  238  243  247  251  254  256  259
  263  269  274  278  279  278  276  274  273  271  267  260  249  236  223  214
  209  207  206  203  197  190  182  176  173  172  170  167  162  157  151  147
  145  146  148  152  158  167  177  187  199  210  223  237  254  272  287  297
  300  298  295  295  298  304  309  311  308
    52.5-180.0 180.0   5.0 450.0                            LAT/LON1/LON2/DLON/H
  330  324  313  301  287  274  262  254  249  249  252  256  259  261  262  263
  267  274  281  287  291  291  291  290  290  289  285  277  264  248  233  222
  216  214  214  212  206  198  190  183  180  178  175  170  162  153  145  139
  137  137  140  146  154  166  181  196  209  220  229  238  250  264  277  286
  290  289  288  292  301  314  325  331  330
    50.0-180.0 180.0   5.0 450.0                            LAT/LON1/LON2/DLON/H
  352  349  342  333  321  308  293  279  269  264  265  268  270  271  271  271
  274  280  289  297  303  306  306  306  305  304  300  291  276  259  242  229
  223  221  221  220  214  206  198  191  188  185  181  173  162  151  142  136
  134  135  138  144  154  170  188  208  223  232  236  238  243  252  262  270
  273  274  277  286  303  323  340  350  352
    47.5-180.0 180.0   5.0 450.0                            LAT/LON1/LON2/DLON/H
  373  373  370  366  359  346  328  309  293  284  281  283  285  285  283  282
  283  289  298  308  316  321  322  322  320  318  312  302  286  267  249  235
  228  227  228  227  222  214  206  200  197  194  188  178  166  153  144  139
  137  139  141  147  157  173  195  218  236  244  243  238  235  238  244  251
  255  258  265  281  305  333  355  369  373
    45.0-180.0 180.0   5.0 450.0                            LAT/LON1/LON2/DLON/H
  393  394  396  398  395  385  366  342  321  307  302  302  303  303  299  296
  295  300  309  321  331  337  339  338  335  330  322  311  295  276  257  242
  234  233  235  235  231  224  217  211  208  205  198  187  173  161  152  147
  147  148  149  152  160  176  199  226  246  254  249  237  227  225  229  235
  239  243  255  278  311  346  374  389  393
    42.5-180.0 180.0   5.0 450.0                            LAT/LON1/LON2/DLON/H
  413  413  418  425  428  421  402  376  351  333  325  323  324  322  318  312
  310  313  322  334  345  353  355  354  349  341  332  320  304  285  267  252
  243  242  244  245  243  237  230  225  222  218  211  200  186  174  165  161
  161  161  160  159  163  176  199  228  251  261  254  237  222  216  220  225
  230  235  250  280  322  365  396  410  413
    40.0-180.0 180.0   5.0 450.0                            LAT/LON1/LON2/DLON/H
  432  430  435  446  454  451  433  407  381  361  350  347  346  343  337  331
  327  329  336  347  359  367  371  369  363  353  342  329  314  298  280  265
  256  254  257  260  259  254  248  242  238  234  227  216  204  191  182  177
  175  174  171  167  166  175  196  225  251  263  257  239  222  215  218  225
  228  234  251  287  338  388  422  434  432
    37.5-180.0 180.0   5.0 450.0                            LAT/LON1/LON2/DLON/H
  453  446  449  462  473  473  459  435  410  391  378  372  369  364  358  351
  347  347  353  361  371  379  384  383  376  366  353  341  327  312  296  282
  273  272  276  281  281  277  269  261  255  251  244  235  224  211  200  192
  187  184  180  175  171  174  191  219  248  263  259  242  226  220  225  232
  235  240  258  300  359  416  452  461  453
    35.0-180.0 180.0   5.0 450.0                            LAT/LON1/LON2/DLON/H
  476  462  462  473  485  487  478  460  440  422  409  399  393  386  380  374
  371  370  372  376  382  389  394  395  389  379  366  353  340  327  312  299
  292  292  298  306  309  304  293  281  272  265  260  254  244  231  216  202
  193  189  186  182  176  175  187  213  242  261  261  247  233  230  238  246
  248  250  268  314  380  445  484  490  476
    32.5-180.0 180.0   5.0 450.0                            LAT/LON1/LON2/DLON/H
  500  481  475  483  493  496  491  481  468  455  442  429  419  410  404  401
  399  397  395  393  393  396  401  404  401  392  378  364  351  337  324  312
  307  311  322  333  338  331  316  298  284  275  272  268  261  246  225  204
  190  185  187  188  183  179  186  207  236  257  261  250  240  242  254  263
  264  263  279  327  400  472  514  519  500
    30.0-180.0 180.0   5.0 450.0                            LAT/LON1/LON2/DLON/H
  525  502  492  495  501  503  503  500  496  489  477  462  448  438  432  431
  432  430  423  413  404  402  407  411  411  402  388  372  355  340  326  317
  315  324  340  356  362  354  333  308  288  278  276  276  271  254  226  197
  177  173  182  191  191  185  186  202  228  251  258  252  246  251  267  279
  279  275  290  339  416  494  540  546  525
    27.5-180.0 180.0   5.0 450.0                            LAT/LON1/LON2/DLON/H
  549  525  513  511  511  512  514  519  524  523  514  499  482  470  466  467
  470  468  455  436  418  409  411  417  418  410  394  373  351  331  315  308
  311  325  347  368  376  366  340  308  282  270  270  275  272  253  218  181
  156  154  171  190  196  190  186  196  220  243  252  249  247  256  276  291
  292  287  299  347  426  508  559  568  549
    25.0-180.0 180.0   5.0 450.0                            LAT/LON1/LON2/DLON/H
  567  548  536  532  527  524  526  537  550  556  551  537  520  508  503  506
  511  507  490  462  434  417  415  420  421  412  393  367  338  310  291  284
  292  312  339  364  374  363  333  295  265  252  255  264  263  242  203  159
  131  132  156  184  197  192  184  189  209  231  243  243  243  256  279  298
  302  297  307  352  430  513  567  581  567
    22.5-180.0 180.0   5.0 450.0                            LAT/LON1/LON2/DLON/H
  579  568  561  557  549  541  542  555  574  585  585  575  560  548  543  546
  550  545  523  487  451  427  419  420  419  409  386  353  315  280  256  250
  261  285  315  341  352  342  310  270  238  225  231  243  245  224  182  135
  106  109  139  174  191  187  178  179  197  219  232  234  236  251  278  302
  310  307  315  356  429  509  565  585  579
    20.0-180.0 180.0   5.0 450.0                            LAT/LON1/LON2/DLON/H
  581  581  584  583  573  561  559  572  592  607  612  608  599  588  582  582
  584  577  551  510  467  437  423  418  412  398  372  334  288  245  217  210
  224  250  279  303  314  304  274  235  204  193  201  216  220  201  159  113
   85   91  123  159  178  175  166  167  184  206  221  225  229  246  275  303
  317  317  325  360  424  498  553  577  581
    17.5-180.0 180.0   5.0 450.0                            LAT/LON1/LON2/DLON/H
  573  586  600  606  597  583  576  585  603  620  630  633  630  623  614  610
  607  597  570  526  480  445  425  413  400  381  352  311  260  212  181  175
  189  213  236  254  263  255  230  195  168  159  169  186  191  174  137   96
   73   79  110  143  160  158  151  154  173  197  213  220  226  243  273  304
  324  329  336  365  419  483  533  560  573
    15.0-180.0 180.0   5.0 450.0                            LAT/LON1/LON2/DLON/H
  557  582  609  623  618  602  591  594  606  621  635  646  651  646  635  625
  617  604  576  533  487  450  424  403  381  357  327  287  236  187  157  152
  166  184  197  205  209  203  185  157  134  128  139  155  161  148  118   86
   70   77  101  126  139  138  136  145  167  193  212  221  230  247  276  308
  332  342  350  372  414  466  509  536  557
    12.5-180.0 180.0   5.0 450.0                            LAT/LON1/LON2/DLON/H
  536  570  608  632  632  617  602  597  601  611  626  644  656  655  641  625
  612  597  569  529  486  450  419  389  359  330  301  266  220  175  149  147
  160  169  168  163  161  157  146  126  108  103  113  127  132  123  103   83
   75   81   98  112  119  120  126  143  169  196  217  229  240  257  283  315
  340  354  363  380  412  452  486  510  536
    10.0-180.0 180.0   5.0 450.0                            LAT/LON1/LON2/DLON/H
  513  554  600  631  638  624  607  595  590  593  606  628  646  647  632  611
  594  577  551  515  477  443  410  372  333  301  276  249  213  177  158  161
  173  173  157  137  127  124  119  106   91   86   92  102  106  101   92   85
   85   91   98  102  104  110  126  151  180  207  227  243  256  273  295  323
  347  363  373  387  412  441  466  487  513
     7.5-180.0 180.0   5.0 450.0                            LAT/LON1/LON2/DLON/H
  492  535  586  624  636  625  607  590  576  570  579  601  621  624  608  585
  566  549  526  494  462  431  397  353  308  273  253  237  213  188  180  190
  202  194  163  129  111  109  108   98   84   76   78   82   84   83   83   88
   96  101  101   96   96  109  136  169  199  222  240  258  275  291  309  330
  350  366  377  392  413  435  453  468  492
     5.0-180.0 180.0   5.0 450.0                            LAT/LON1/LON2/DLON/H
  476  518  571  612  628  621  604  583  562  547  549  567  588  591  575  552
  534  518  497  469  442  415  382  335  285  250  236  229  218  206  207  225
  238  224  183  138  113  109  110  101   85   72   68   67   66   67   75   89
  104  109  102   93   96  118  156  195  222  238  252  270  290  308  322  334
  348  362  375  392  413  433  445  455  476
     2.5-180.0 180.0   5.0 450.0                            LAT/LON1/LON2/DLON/H
  464  504  556  598  616  613  598  577  551  529  522  534  551  554  539  519
  503  490  471  445  420  398  367  320  269  234  224  226  224  221  232  256
  271  255  207  156  127  122  122  111   91   72   61   55   52   54   67   87
  106  111  102   92  100  134  181  222  243  249  256  274  298  318  329  334
  340  350  365  386  411  431  440  446  464
