data/EMR0OPSFIN_20261450000_01D_01H_GIM.INX
     1.0            IONOSPHERE MAPS     GNSS                IONEX VERSION / TYPE
Run_GlbDaily        NRCan/CGS           27-May-26 12:15     PGM / RUN BY / DATE
NRCAN'S GLOBAL IONOSPHERE MAPS FOR DAY 145, 2026            COMMENT
Global ionosphere maps (GIM) are generated on a daily basis DESCRIPTION
Contact:     Reza.Ghoddousi-Fard@canada.ca                  DESCRIPTION
  2026     5    25     0     0     0                        EPOCH OF FIRST MAP
  2026     5    26     0     0     0                        EPOCH OF LAST MAP
  3600                                                      INTERVAL
    25                                                      # OF MAPS IN FILE
  MOD                                                       MAPPING FUNCTION
    10.0                                                    ELEVATION CUTOFF
One-way carrier phase leveled to code                       OBSERVABLES USED
   312                                                      # OF STATIONS
    53                                                      # OF SATELLITES
  6371.0                                                    BASE RADIUS
     2                                                      MAP DIMENSION
   450.0 450.0   0.0                                        HGT1 / HGT2 / DHGT
    87.5 -87.5  -2.5                                        LAT1 / LAT2 / DLAT
  -180.0 180.0   5.0                                        LON1 / LON2 / DLON
    -1                                                      EXPONENT
TEC/RMS values in 0.1 TECU; 9999, if no value available     COMMENT
List of stations:                                           COMMENT
acrg adis aira albh alg3 algo alic areq arht ascg aspa auck COMMENT
badg baie bake barh bcrk bele bill bjfs blyt boav bogt bor1 COMMENT
braz brew brft brst brux bshm bucu cags camb cas1 cbrg ccj2 COMMENT
cedu chan chpi chti chu2 chum chur chwk cibg cit1 ckis clrs COMMENT
cmp9 coco cord cote cpvg cro1 cusv cztg daej darw dav1 dear COMMENT
dgar dgby drao dubo dund ebre eliz escu eur2 faa1 fair falk COMMENT
ffmj flin flrs frdn gamb ganp glps gmsd gode gol2 gold gope COMMENT
gras graz guam guug hal1 harb hebb hers hert hlfx hnlc hnpt COMMENT
hnus hob2 hofn holb holm holp hrao hrst ieng iisc iitk ineg COMMENT
iqal iqqe ishi ista jog2 joz2 joze jplm karr kat1 kerg kir0 COMMENT
kiru kit3 kitg kngs kngv kokb kokv kos1 kouc kour krgg kuj2 COMMENT
lama lck4 leij lmmf lpal lpgs lpoc lvpl mac1 madr maju mal2 COMMENT
mar6 mars mas1 mat1 mate maui maw1 mbar mcm4 mdo1 medi meli COMMENT
met3 mfkg mgue mizu mkea mobs moiu morp mqzg msgr mtgn mtka COMMENT
nain nano nico nist nlib nnor not1 nrc1 nrmd ntka nya1 nyal COMMENT
oak2 onsa op71 orid owmg palm park parq pary pdel penc pert COMMENT
pgc5 picl pie1 pimo pngm poal pol2 pots pove pper prds ptal COMMENT
ptbb ptrf pwel qaq1 qiki quad quin raeg rbay reso reun reyk COMMENT
riga rio2 riop rnkn rock ross roth salu samo sant sask sbok COMMENT
sch2 scip scor sctb sey2 sfdm sfer shel sni1 sod3 sofi solo COMMENT
spt0 sthl stj2 stjo stk2 stpm str1 str2 suth sutm suwn svtl COMMENT
sydn syog tabl tdou tfno thti thu2 tid1 tidb tidv tit2 tlse COMMENT
topl torp tow2 trak tro1 trur tsk2 tskb tskt tuva twtf uclp COMMENT
uclu ufpr ulab uldi unbj urum usud vacs vald vill vis0 vndp COMMENT
wab2 warn wgtn whc1 whit widc will winn wroc wsrt wtza wtzr COMMENT
wtzs wtzz xmis yar3 yarr yebe yell ykro zamb zeck zim2 zimm COMMENT
DCB values in ns; zero-mean condition wrt satellite values  COMMENT
                                                            END OF HEADER
[from data line 6435]
    16                                                      START OF TEC MAP
  2026     5    25    15     0     0                        EPOCH OF CURRENT MAP
    87.5-180.0 180.0   5.0 450.0                            LAT/LON1/LON2/DLON/H
  185  185  185  185  186  186  186  187  187  188  188  189  189  190  191  192
  192  193  194  195  195  196  197  197  198  199  199  200  200  201  201  202
  202  203  203  203  203  203  203  203  203  203  203  203  202  202  201  201
  200  200  199  198  197  197  196  195  194  193  192  192  191  190  189  189
  188  187  187  186  186  186  185  185  185
    85.0-180.0 180.0   5.0 450.0                            LAT/LON1/LON2/DLON/H
  175  175  176  176  176  177  178  179  179  180  182  183  184  185  187  188
  189  191  192  193  195  196  197  198  199  200  201  202  203  204  204  205
  206  206  207  208  208  208  209  209  209  209  209  209  208  207  207  206
  204  203  202  200  199  197  195  194  192  190  188  187  185  184  183  181
  180  179  178  177  177  176  176  176  175
    82.5-180.0 180.0   5.0 450.0                            LAT/LON1/LON2/DLON/H
  168  168  169  169  170  171  172  173  174  175  176  178  180  181  183  185
  187  188  190  192  193  195  196  197  198  200  200  201  202  203  204  205
  206  207  208  209  210  211  212  212  213  213  213  213  213  212  211  209
  207  206  203  201  199  196  193  191  188  186  184  182  180  178  176  175
  173  172  171  170  169  169  168  168  168
    80.0-180.0 180.0   5.0 450.0                            LAT/LON1/LON2/DLON/H
  166  166  167  167  168  169  170  171  172  173  174  176  177  179  181  183
  185  187  189  191  192  194  195  196  197  198  199  199  200  201  202  203
  204  205  207  208  210  211  213  214  215  216  216  216  216  215  214  212
  209  207  204  200  197  194  190  187  184  181  179  177  175  173  171  170
  169  167  167  166  166  165  165  165  166
    77.5-180.0 180.0   5.0 450.0                            LAT/LON1/LON2/DLON/H
  168  169  170  171  172  172  173  174  175  175  176  177  178  179  181  183
  185  187  189  191  192  194  195  196  196  196  197  197  198  198  199  200
  202  203  205  207  209  211  213  215  217  218  219  219  219  218  216  214
  210  207  203  198  194  190  186  182  179  176  174  172  171  169  168  167
  166  166  165  165  166  166  166  167  168
    75.0-180.0 180.0   5.0 450.0                            LAT/LON1/LON2/DLON/H
  175  176  178  179  180  181  181  182  182  182  182  182  182  182  183  185
  186  188  190  192  194  195  196  196  196  196  196  197  197  198  199  200
  202  203  205  207  210  212  214  216  218  219  221  221  221  220  218  215
  211  206  201  196  190  185  181  177  174  172  170  169  168  167  167  166
  166  166  167  167  168  170  171  173  175
    72.5-180.0 180.0   5.0 450.0                            LAT/LON1/LON2/DLON/H
  183  185  187  189  191  192  192  192  191  191  190  189  188  187  188  189
  190  192  194  196  197  198  199  199  199  198  198  198  199  200  201  203
  204  206  208  210  212  214  216  217  219  221  222  222  222  221  219  215
  211  205  199  193  187  181  177  173  171  169  168  168  167  167  167  167
  167  167  168  170  172  174  177  180  183
    70.0-180.0 180.0   5.0 450.0                            LAT/LON1/LON2/DLON/H
  190  193  196  198  200  201  202  202  201  200  198  196  195  194  193  194
  195  197  199  201  203  204  204  203  203  202  202  202  203  205  207  209
  211  212  214  215  216  217  218  219  220  221  222  222  222  221  218  215
  210  204  198  191  185  179  175  172  170  169  169  169  169  169  168  168
  167  168  169  171  174  178  182  186  190
    67.5-180.0 180.0   5.0 450.0                            LAT/LON1/LON2/DLON/H
  193  197  200  203  205  207  208  209  209  208  206  204  201  200  199  200
  201  204  206  208  209  210  209  208  208  207  207  209  210  213  215  218
  220  221  222  222  222  221  220  220  220  220  221  221  221  220  217  214
  209  203  197  191  185  180  176  174  173  173  174  174  173  172  170  168
  167  166  167  170  174  178  184  189  193
    65.0-180.0 180.0   5.0 450.0                            LAT/LON1/LON2/DLON/H
  193  196  199  202  205  207  209  211  212  211  210  208  206  205  205  206
  207  210  213  215  216  215  214  213  212  212  213  216  219  222  225  228
  230  231  231  230  228  226  223  221  220  220  220  220  220  218  216  213
  209  204  198  193  188  184  182  181  181  182  183  182  180  177  173  168
  165  163  163  166  170  176  182  188  193
    62.5-180.0 180.0   5.0 450.0                            LAT/LON1/LON2/DLON/H
  188  191  193  196  198  201  205  208  210  211  211  210  209  208  208  210
  212  215  218  220  220  220  218  216  215  216  218  222  227  231  235  238
  240  241  240  238  235  231  227  224  222  221  221  220  219  218  215  212
  209  205  201  197  194  192  191  192  194  195  195  194  190  184  176  169
  162  159  158  160  165  171  178  183  188
    60.0-180.0 180.0   5.0 450.0                            LAT/LON1/LON2/DLON/H
  181  183  185  186  189  193  198  202  206  208  209  209  209  209  210  213
  216  219  222  223  223  221  219  217  216  218  222  228  233  239  243  246
  249  249  249  246  242  237  232  229  226  225  224  223  221  219  216  212
  209  207  204  202  201  202  203  206  209  211  211  208  201  192  181  170
  161  155  153  156  160  167  173  178  181
    57.5-180.0 180.0   5.0 450.0                            LAT/LON1/LON2/DLON/H
  176  176  176  177  180  184  190  197  202  205  206  206  207  208  211  214
  218  221  223  224  223  221  218  215  216  219  225  232  239  245  249  253
  255  257  257  255  251  246  241  237  234  233  232  230  226  222  218  214
  211  209  209  209  210  212  215  220  224  227  226  221  212  199  185  172
  161  154  152  154  159  165  170  174  176
    55.0-180.0 180.0   5.0 450.0                            LAT/LON1/LON2/DLON/H
  173  172  171  171  174  180  187  194  200  203  204  204  205  207  211  215
  219  222  223  223  222  219  216  214  215  219  227  236  244  250  254  258
  261  264  266  265  262  257  252  249  247  245  244  240  235  229  223  218
  214  213  213  214  217  220  226  232  238  241  240  233  222  207  191  176
  165  158  156  157  161  166  170  172  173
    52.5-180.0 180.0   5.0 450.0                            LAT/LON1/LON2/DLON/H
  172  171  170  171  174  180  189  197  203  205  205  204  204  207  211  216
  220  222  222  222  220  218  215  213  215  221  230  240  248  254  259  263
  267  272  276  278  276  272  268  264  263  262  259  254  247  238  229  222
  217  216  216  218  221  226  233  240  247  251  250  242  229  212  196  182
  171  166  164  165  168  171  173  173  172
    50.0-180.0 180.0   5.0 450.0                            LAT/LON1/LON2/DLON/H
  173  172  172  174  178  185  195  205  211  212  209  206  205  208  213  218
  221  222  222  221  220  218  216  216  219  226  236  246  254  260  264  269
  276  284  291  294  293  290  286  283  281  280  276  270  260  249  237  228
  221  218  219  221  224  229  237  245  253  257  255  246  232  216  201  189
  181  177  176  177  178  178  177  175  173
    47.5-180.0 180.0   5.0 450.0                            LAT/LON1/LON2/DLON/H
  173  173  174  177  182  191  203  214  221  222  216  210  207  210  216  221
  223  223  222  222  222  223  223  223  227  234  245  255  263  268  272  279
  288  300  309  315  315  311  306  302  300  297  292  284  272  259  245  234
  226  222  221  223  226  231  238  247  255  259  257  248  233  218  205  197
  192  190  190  190  188  184  179  175  173
    45.0-180.0 180.0   5.0 450.0                            LAT/LON1/LON2/DLON/H
  168  170  173  177  183  192  206  221  231  233  226  217  212  213  220  225
  227  225  224  224  227  231  233  235  240  247  257  267  274  279  285  294
  307  321  333  340  339  334  327  322  317  313  306  295  282  268  254  241
  231  226  225  227  230  235  241  249  256  260  257  247  233  220  210  205
  204  204  203  201  195  187  178  171  168
    42.5-180.0 180.0   5.0 450.0                            LAT/LON1/LON2/DLON/H
  158  161  166  170  175  185  202  222  238  242  235  224  217  218  224  231
  232  229  226  228  234  241  247  251  256  263  273  282  289  295  303  315
  332  349  362  368  366  358  348  340  332  325  316  304  291  277  263  250
  239  233  232  234  238  242  247  253  260  262  258  247  234  223  216  214
  214  215  213  208  198  185  171  161  158
    40.0-180.0 180.0   5.0 450.0                            LAT/LON1/LON2/DLON/H
  143  147  152  155  158  167  188  214  238  248  243  231  222  222  230  236
  237  233  230  233  242  253  263  269  274  281  290  298  306  315  327  343
  363  382  395  399  394  382  369  357  346  335  323  310  298  286  274  262
  250  243  243  248  253  257  260  263  267  267  262  250  237  228  224  224
  224  222  218  209  196  177  159  146  143
    37.5-180.0 180.0   5.0 450.0                            LAT/LON1/LON2/DLON/H
  126  129  133  133  133  141  164  198  231  250  249  238  228  228  235  242
  242  237  233  237  250  265  278  286  292  299  307  316  327  339  356  377
  399  418  429  430  422  407  390  373  359  344  330  317  307  299  290  278
  266  259  261  268  276  280  280  280  279  276  268  255  243  235  233  233
  230  225  217  205  189  167  145  130  126
    35.0-180.0 180.0   5.0 450.0                            LAT/LON1/LON2/DLON/H
  110  113  115  111  105  110  136  177  221  249  255  246  236  234  241  248
  247  241  237  242  256  275  291  301  308  315  324  335  349  366  389  414
  437  455  463  461  450  431  411  391  373  356  340  328  320  316  311  301
  289  281  284  295  306  310  306  300  295  288  277  263  251  245  243  241
  234  224  211  198  180  158  133  116  110
    32.5-180.0 180.0   5.0 450.0                            LAT/LON1/LON2/DLON/H
  102  103  103   94   83   84  110  158  210  247  261  256  246  244  249  255
  253  246  241  246  262  283  301  313  321  329  340  354  373  396  423  452
  476  490  495  489  476  455  432  409  389  371  355  344  340  341  339  330
  317  309  313  327  340  343  335  322  311  300  286  271  260  254  252  247
  234  218  202  188  173  151  127  109  102
    30.0-180.0 180.0   5.0 450.0                            LAT/LON1/LON2/DLON/H
  104  104  101   88   72   70   94  144  202  248  268  268  261  259  262  265
  261  253  246  251  267  290  309  323  332  343  356  374  397  425  457  488
  510  521  521  514  499  478  453  429  408  391  376  368  367  372  374  366
  352  342  346  361  374  374  361  341  323  308  293  277  266  261  258  248
  230  208  190  179  167  150  129  111  104
    27.5-180.0 180.0   5.0 450.0                            LAT/LON1/LON2/DLON/H
  116  115  110   95   77   71   93  141  201  250  278  284  281  278  279  278
  273  262  255  259  275  297  317  331  342  355  373  395  422  454  488  518
  537  544  541  532  519  498  473  448  429  414  403  398  400  409  413  406
  389  376  378  393  404  400  379  352  329  310  294  279  269  264  258  245
  221  196  178  170  165  155  138  122  116
    25.0-180.0 180.0   5.0 450.0                            LAT/LON1/LON2/DLON/H
  135  134  130  115   97   90  107  149  204  254  287  302  304  303  300  296
  287  275  267  270  285  306  325  339  352  368  390  416  445  479  513  542
  557  558  553  545  534  515  490  466  449  439  432  430  435  446  453  446
  428  411  409  419  426  415  387  353  325  305  289  275  265  260  252  235
  208  181  165  163  166  163  152  140  135
    22.5-180.0 180.0   5.0 450.0                            LAT/LON1/LON2/DLON/H
  157  157  154  143  128  121  133  165  209  255  293  317  328  329  325  316
  305  292  284  286  299  319  336  349  363  383  408  437  467  499  531  556
  567  565  559  554  546  529  504  480  466  461  460  461  468  479  488  483
  463  442  434  437  437  419  383  344  314  294  279  266  257  250  240  219
  190  164  153  157  167  171  167  160  157
    20.0-180.0 180.0   5.0 450.0                            LAT/LON1/LON2/DLON/H
  175  177  177  171  162  156  162  181  211  250  291  325  347  354  348  337
  324  311  303  304  317  334  349  361  376  399  427  457  485  513  541  562
  569  566  560  559  555  540  514  489  477  478  482  486  492  504  515  511
  492  467  452  446  437  412  371  330  299  280  267  256  246  237  222  199
  170  148  142  152  167  177  178  176  175
    17.5-180.0 180.0   5.0 450.0                            LAT/LON1/LON2/DLON/H
  185  189  191  191  189  187  186  190  205  234  278  323  357  371  367  355
  341  329  322  324  335  350  363  374  390  416  447  476  499  521  544  561
  567  563  560  562  562  548  520  493  481  486  495  500  505  516  528  528
  510  483  461  446  429  398  355  313  284  267  257  247  236  222  203  177
  150  134  134  148  165  177  182  184  185
    15.0-180.0 180.0   5.0 450.0                            LAT/LON1/LON2/DLON/H
  186  189  194  199  204  204  198  188  187  207  252  308  354  377  377  366
  354  345  340  342  351  365  377  387  405  432  465  492  509  524  541  556
  563  561  561  567  570  556  524  493  479  485  496  501  505  514  527  531
  516  488  460  438  415  381  340  302  275  260  252  242  229  210  185  156
  133  124  129  145  161  172  179  182  186
    12.5-180.0 180.0   5.0 450.0                            LAT/LON1/LON2/DLON/H
  176  180  185  194  203  205  194  173  158  170  216  280  337  368  374  368
  360  354  352  354  363  376  388  399  418  448  481  504  515  522  535  551
  560  562  565  575  580  565  528  490  472  476  487  491  491  498  512  521
  510  483  451  424  398  367  331  298  275  262  253  244  228  204  172  140
  121  118  129  144  156  163  168  173  176
    10.0-180.0 180.0   5.0 450.0                            LAT/LON1/LON2/DLON/H
  162  164  169  179  190  193  177  147  123  129  174  242  306  344  357  358
  357  356  356  360  369  382  394  408  429  461  494  513  517  517  528  547
  561  567  573  584  590  574  532  486  460  460  468  470  467  472  486  498
  492  467  435  406  382  358  331  305  285  271  262  251  233  203  165  131
  115  118  133  147  152  153  155  158  162
     7.5-180.0 180.0   5.0 450.0                            LAT/LON1/LON2/DLON/H
  146  148  152  162  172  173  154  119   91   92  134  201  266  309  329  338
  345  351  353  357  367  381  396  413  437  471  503  518  515  511  522  545
  565  575  582  594  600  582  535  481  447  439  444  443  437  438  452  465
  464  442  412  386  367  353  338  321  302  285  273  261  242  209  166  129
  115  123  141  152  151  145  142  144  146
     5.0-180.0 180.0   5.0 450.0                            LAT/LON1/LON2/DLON/H
  134  136  140  149  157  154  132   98   69   68  104  164  225  268  293  311
  327  338  343  348  358  375  394  415  443  478  508  518  511  504  517  546
  571  583  590  599  605  587  537  475  432  417  417  414  405  403  414  427
  428  411  385  363  354  353  350  339  319  298  282  269  251  216  171  132
  119  130  149  158  152  141  133  132  134
     2.5-180.0 180.0   5.0 450.0                            LAT/LON1/LON2/DLON/H
  127  131  138  147  151  144  121   90   66   64   92  139  188  227  256  281
  305  321  328  334  346  367  390  415  446  482  509  515  503  496  513  546
  575  587  591  598  603  584  533  467  415  394  390  385  375  369  376  387
  389  376  354  340  340  352  360  354  332  304  283  271  256  223  177  138
  124  136  155  163  155  140  130  126  127
