data/EMR0OPSFIN_20261450000_01D_01H_GIM.INX
     1.0            IONOSPHERE MAPS     GNSS                IONEX VERSION / TYPE
Run_GlbDaily        NRCan/CGS           27-May-26 12:15     PGM / RUN BY / DATE
NRCAN'S GLOBAL IONOSPHERE MAPS FOR DAY 145, 2026            COMMENT
Global ionosphere maps (GIM) are generated on a daily basis DESCRIPTION
Contact:     Reza.Ghoddousi-Fard@canada.ca                  DESCRIPTION
  2026     5    25     0     0     0                        EPOCH OF FIRST MAP
  2026     5    26     0     0     0                        EPOCH OF LAST MAP
  3600                                                      INTERVAL
    25                                                      # OF MAPS IN FILE
  MOD                                                       MAPPING FUNCTION
    10.0                                                    ELEVATION CUTOFF
One-way carrier phase leveled to code                       OBSERVABLES USED
   312                                                      # OF STATIONS
    53                                                      # OF SATELLITES
  6371.0                                                    BASE RADIUS
     2                                                      MAP DIMENSION
   450.0 450.0   0.0                                        HGT1 / HGT2 / DHGT
    87.5 -87.5  -2.5                                        LAT1 / LAT2 / DLAT
  -180.0 180.0   5.0                                        LON1 / LON2 / DLON
    -1                                                      EXPONENT
TEC/RMS values in 0.1 TECU; 9999, if no value available     COMMENT
List of stations:                                           COMMENT
acrg adis aira albh alg3 algo alic areq arht ascg aspa auck COMMENT
badg baie bake barh bcrk bele bill bjfs blyt boav bogt bor1 COMMENT
braz brew brft brst brux bshm bucu cags camb cas1 cbrg ccj2 COMMENT
cedu chan chpi chti chu2 chum chur chwk cibg cit1 ckis clrs COMMENT
cmp9 coco cord cote cpvg cro1 cusv cztg daej darw dav1 dear COMMENT
dgar dgby drao dubo dund ebre eliz escu eur2 faa1 fair falk COMMENT
ffmj flin flrs frdn gamb ganp glps gmsd gode gol2 gold gope COMMENT
gras graz guam guug hal1 harb hebb hers hert hlfx hnlc hnpt COMMENT
hnus hob2 hofn holb holm holp hrao hrst ieng iisc iitk ineg COMMENT
iqal iqqe ishi ista jog2 joz2 joze jplm karr kat1 kerg kir0 COMMENT
kiru kit3 kitg kngs kngv kokb kokv kos1 kouc kour krgg kuj2 COMMENT
lama lck4 leij lmmf lpal lpgs lpoc lvpl mac1 madr maju mal2 COMMENT
mar6 mars mas1 mat1 mate maui maw1 mbar mcm4 mdo1 medi meli COMMENT
met3 mfkg mgue mizu mkea mobs moiu morp mqzg msgr mtgn mtka COMMENT
nain nano nico nist nlib nnor not1 nrc1 nrmd ntka nya1 nyal COMMENT
oak2 onsa op71 orid owmg palm park parq pary pdel penc pert COMMENT
pgc5 picl pie1 pimo pngm poal pol2 pots pove pper prds ptal COMMENT
ptbb ptrf pwel qaq1 qiki quad quin raeg rbay reso reun reyk COMMENT
riga rio2 riop rnkn rock ross roth salu samo sant sask sbok COMMENT
sch2 scip scor sctb sey2 sfdm sfer shel sni1 sod3 sofi solo COMMENT
spt0 sthl stj2 stjo stk2 stpm str1 str2 suth sutm suwn svtl COMMENT
sydn syog tabl tdou tfno thti thu2 tid1 tidb tidv tit2 tlse COMMENT
topl torp tow2 trak tro1 trur tsk2 tskb tskt tuva twtf uclp COMMENT
uclu ufpr ulab uldi unbj urum usud vacs vald vill vis0 vndp COMMENT
wab2 warn wgtn whc1 whit widc will winn wroc wsrt wtza wtzr COMMENT
wtzs wtzz xmis yar3 yarr yebe yell ykro zamb zeck zim2 zimm COMMENT
DCB values in ns; zero-mean condition wrt satellite values  COMMENT
                                                            END OF HEADER
[from data line 4290]
    11                                                      START OF TEC MAP
  2026     5    25    10     0     0                        EPOCH OF CURRENT MAP
    87.5-180.0 180.0   5.0 450.0                            LAT/LON1/LON2/DLON/H
  194  194  195  195  195  195  196  196  197  197  198  198  199  200  201  201
  202  203  203  204  205  206  206  207  207  208  208  209  209  210  210  211
  211  211  212  212  212  212  212  212  212  212  212  212  212  212  211  211
  210  210  209  208  208  207  206  205  205  204  203  202  201  200  199  199
  198  197  196  196  195  195  195  195  194
    85.0-180.0 180.0   5.0 450.0                            LAT/LON1/LON2/DLON/H
  182  182  183  183  184  185  186  187  188  189  191  192  193  195  196  198
  199  200  202  203  204  205  206  207  208  209  209  210  211  212  212  213
  214  214  215  216  216  217  217  217  218  218  218  218  218  218  217  217
  216  215  214  213  212  210  209  207  205  203  201  199  197  195  194  192
  190  188  187  186  184  184  183  183  182
    82.5-180.0 180.0   5.0 450.0                            LAT/LON1/LON2/DLON/H
  170  170  171  172  173  175  176  178  180  182  184  186  188  190  192  194
  195  197  199  200  201  203  204  205  205  206  207  208  209  210  211  212
  213  214  216  217  218  219  220  221  222  223  223  223  224  223  223  223
  222  221  219  218  216  214  212  210  207  204  201  198  195  192  189  186
  183  180  178  175  174  172  171  170  170
    80.0-180.0 180.0   5.0 450.0                            LAT/LON1/LON2/DLON/H
  160  161  162  163  165  167  169  171  174  176  178  180  183  185  187  189
  191  193  195  196  197  198  199  200  201  201  202  203  204  206  207  209
  211  213  215  217  219  221  223  225  226  227  228  229  229  229  229  228
  228  226  225  223  221  219  216  213  210  206  203  199  195  190  186  182
  178  174  170  167  164  162  161  160  160
    77.5-180.0 180.0   5.0 450.0                            LAT/LON1/LON2/DLON/H
  153  154  156  158  160  163  165  168  170  172  175  176  178  180  182  184
  186  188  190  191  192  193  194  194  194  195  196  197  198  201  203  206
  209  212  216  219  222  225  228  230  232  233  234  235  235  235  235  234
  233  232  230  228  226  223  220  217  213  209  205  201  196  191  186  181
  176  171  166  162  159  156  154  153  153
    75.0-180.0 180.0   5.0 450.0                            LAT/LON1/LON2/DLON/H
  150  151  153  156  159  162  165  167  170  171  173  174  175  176  178  180
  182  184  185  186  187  188  188  187  187  188  189  190  193  196  200  204
  209  214  218  223  227  230  234  236  238  240  241  241  241  241  240  239
  237  236  233  231  229  226  223  220  216  212  208  204  199  194  188  183
  177  171  166  161  157  153  151  150  150
    72.5-180.0 180.0   5.0 450.0                            LAT/LON1/LON2/DLON/H
  149  150  153  156  159  163  166  169  171  172  172  172  172  173  174  175
  177  179  181  182  183  183  182  182  181  182  183  186  190  194  200  206
  212  218  224  229  234  238  241  244  246  247  247  247  247  246  244  242
  240  237  235  232  229  227  224  221  218  215  211  207  203  198  192  187
  181  175  170  164  159  155  152  150  149
    70.0-180.0 180.0   5.0 450.0                            LAT/LON1/LON2/DLON/H
  151  151  153  156  160  164  168  170  172  172  171  170  170  169  170  171
  173  175  177  178  179  179  178  177  177  178  180  184  189  196  203  211
  219  226  232  238  242  246  249  251  252  253  253  252  251  249  246  244
  240  237  234  231  228  226  224  222  219  217  214  211  207  203  198  193
  188  182  177  171  165  160  155  152  151
    67.5-180.0 180.0   5.0 450.0                            LAT/LON1/LON2/DLON/H
  153  152  152  155  159  163  166  169  170  170  169  167  166  165  164  165
  167  170  172  174  175  175  175  174  174  176  180  185  193  201  210  220
  228  236  242  248  251  254  256  258  258  258  257  256  253  250  247  243
  239  235  231  228  225  224  222  222  221  220  218  215  212  208  204  200
  195  191  186  180  174  168  161  156  153
    65.0-180.0 180.0   5.0 450.0                            LAT/LON1/LON2/DLON/H
  156  152  151  152  155  158  162  164  166  166  164  162  160  158  158  158
  161  164  167  169  171  172  172  172  173  176  182  189  199  209  220  230
  240  247  253  257  260  262  263  263  263  262  260  258  255  251  247  242
  237  232  228  225  222  222  222  223  224  224  223  221  218  214  210  207
  203  200  197  192  186  178  170  162  156
    62.5-180.0 180.0   5.0 450.0                            LAT/LON1/LON2/DLON/H
  161  154  150  148  149  151  154  156  158  158  157  155  153  151  150  150
  152  155  159  163  166  168  169  170  173  178  186  195  206  218  230  241
  251  259  264  267  268  269  268  268  267  266  264  261  257  253  248  242
  236  230  225  222  220  221  223  226  229  231  231  229  225  220  216  213
  211  210  208  205  199  190  180  170  161
    60.0-180.0 180.0   5.0 450.0                            LAT/LON1/LON2/DLON/H
  168  157  150  146  144  144  146  147  148  148  147  146  144  142  140  140
  142  145  150  155  160  163  166  169  174  181  190  201  213  226  239  251
  261  269  274  276  276  275  274  273  272  271  268  265  261  256  250  243
  236  229  223  220  219  221  226  231  237  241  242  239  234  228  222  219
  218  219  219  218  213  204  193  180  168
    57.5-180.0 180.0   5.0 450.0                            LAT/LON1/LON2/DLON/H
  178  165  155  148  143  140  139  139  138  138  137  136  135  133  131  130
  131  135  140  146  152  157  162  168  175  184  195  207  219  231  244  257
  269  277  283  284  284  282  281  280  279  278  275  272  267  261  254  246
  238  230  223  220  220  224  230  238  246  251  253  251  245  236  229  225
  225  227  230  231  227  219  206  192  178
    55.0-180.0 180.0   5.0 450.0                            LAT/LON1/LON2/DLON/H
  190  176  165  155  148  142  138  135  132  130  129  128  128  126  123  121
  121  124  130  138  146  152  159  167  177  188  200  211  222  234  246  260
  274  285  292  294  293  291  290  290  290  288  285  281  275  269  261  251
  241  232  225  221  222  227  235  244  253  261  264  262  255  246  237  231
  231  235  241  243  241  233  220  205  190
    52.5-180.0 180.0   5.0 450.0                            LAT/LON1/LON2/DLON/H
  204  191  179  169  159  151  144  137  131  127  124  123  123  121  118  115
  114  116  123  132  141  149  157  167  179  192  205  215  224  233  245  261
  278  292  301  305  304  302  302  302  303  302  298  292  285  277  268  257
  246  235  227  224  226  231  239  248  258  266  271  271  265  255  245  239
  239  244  251  255  253  245  233  218  204
    50.0-180.0 180.0   5.0 450.0                            LAT/LON1/LON2/DLON/H
  216  204  195  185  175  165  155  145  136  128  123  122  121  120  117  113
  110  112  119  129  139  148  157  168  183  198  211  220  225  232  243  260
  281  300  312  317  316  315  315  317  318  317  312  304  295  285  275  262
  249  238  231  229  232  237  243  249  257  266  273  276  272  263  253  247
  248  254  261  265  263  255  242  228  216
    47.5-180.0 180.0   5.0 450.0                            LAT/LON1/LON2/DLON/H
  223  215  208  200  192  181  170  157  145  134  126  123  123  123  119  114
  110  111  119  130  141  150  159  171  188  206  219  226  228  231  241  260
  285  308  323  329  328  327  328  332  334  332  324  314  302  291  279  266
  253  242  236  237  241  245  248  249  253  261  270  276  276  270  261  257
  258  264  271  274  270  260  246  233  223
    45.0-180.0 180.0   5.0 450.0                            LAT/LON1/LON2/DLON/H
  223  218  215  210  203  194  183  170  156  142  132  127  127  128  124  118
  113  114  123  135  146  155  163  176  195  215  231  236  234  234  242  262
  290  317  334  340  340  339  342  346  349  345  335  321  306  294  282  269
  256  247  245  249  256  260  257  251  248  252  262  272  277  274  269  266
  269  275  282  283  276  262  246  232  223
    42.5-180.0 180.0   5.0 450.0                            LAT/LON1/LON2/DLON/H
  216  214  213  212  207  201  192  181  167  151  139  134  134  134  130  122
  116  118  128  142  154  161  168  182  203  227  245  250  245  241  247  268
  297  325  343  350  349  350  354  360  363  357  343  325  308  295  283  272
  261  255  258  269  279  282  274  259  248  246  255  268  277  278  276  275
  279  286  292  290  279  261  241  225  216
    40.0-180.0 180.0   5.0 450.0                            LAT/LON1/LON2/DLON/H
  205  203  204  204  201  198  194  187  175  161  148  142  141  142  137  127
  120  122  134  150  163  169  174  188  212  241  261  267  260  253  257  276
  305  333  350  357  357  359  365  373  376  368  350  328  309  296  287  279
  272  270  279  296  312  315  302  278  257  249  255  268  279  283  282  283
  288  296  301  298  283  260  235  215  205
    37.5-180.0 180.0   5.0 450.0                            LAT/LON1/LON2/DLON/H
  193  189  189  189  188  187  188  188  182  171  158  152  151  150  143  131
  122  124  139  158  171  176  181  194  221  254  278  286  278  269  270  286
  312  338  354  362  364  369  378  387  389  379  357  332  313  302  297  293
  290  294  309  333  355  359  342  310  280  264  266  277  287  290  288  289
  294  303  309  305  289  262  232  207  193
    35.0-180.0 180.0   5.0 450.0                            LAT/LON1/LON2/DLON/H
  185  177  175  173  171  173  180  187  189  182  171  165  163  160  150  135
  123  126  142  164  179  184  186  200  229  265  294  303  297  286  284  296
  318  340  355  365  371  380  392  402  404  392  368  341  322  314  314  316
  319  327  348  378  404  412  393  356  319  296  292  298  303  301  295  293
  298  308  315  312  297  269  234  204  185
    32.5-180.0 180.0   5.0 450.0                            LAT/LON1/LON2/DLON/H
  184  172  167  162  157  160  172  188  198  197  188  181  178  173  159  140
  125  127  145  170  186  190  192  205  235  274  305  317  312  301  297  304
  320  338  354  368  381  394  409  420  421  408  383  356  339  336  341  349
  357  370  394  427  457  467  450  412  371  344  333  332  328  317  305  298
  300  309  318  319  307  280  243  208  184
    30.0-180.0 180.0   5.0 450.0                            LAT/LON1/LON2/DLON/H
  192  177  169  160  152  154  171  194  212  216  210  203  198  190  172  148
  129  129  149  175  192  197  198  209  238  277  310  324  321  311  306  309
  319  334  352  372  393  412  428  438  439  426  403  379  364  365  377  391
  404  419  444  477  507  520  506  471  431  402  386  376  361  340  317  302
  300  308  319  324  317  294  258  220  192
    27.5-180.0 180.0   5.0 450.0                            LAT/LON1/LON2/DLON/H
  208  192  182  170  159  159  178  207  230  238  234  227  221  210  189  160
  138  135  154  180  198  203  203  212  239  275  307  323  323  316  310  310
  316  329  350  378  407  431  447  456  456  445  426  406  395  401  418  438
  454  471  493  522  550  564  555  527  491  463  443  425  400  366  333  310
  302  306  317  326  325  307  275  237  208
    25.0-180.0 180.0   5.0 450.0                            LAT/LON1/LON2/DLON/H
  227  213  204  191  177  175  194  225  252  263  259  252  246  233  209  177
  151  145  161  185  204  209  207  214  235  267  297  313  316  313  310  309
  312  324  351  388  424  450  464  470  470  463  449  434  428  437  458  483
  504  520  537  559  581  594  591  571  544  518  497  473  439  395  352  320
  305  305  314  324  328  317  288  254  227
    22.5-180.0 180.0   5.0 450.0                            LAT/LON1/LON2/DLON/H
  245  236  230  218  202  198  215  247  274  284  281  274  268  255  230  196
  167  157  168  190  207  212  210  213  228  254  280  296  303  305  306  306
  309  323  355  400  441  467  476  478  478  476  470  460  457  469  493  522
  546  563  574  586  598  609  611  600  581  561  540  514  475  425  374  334
  312  306  310  319  324  317  295  266  245
    20.0-180.0 180.0   5.0 450.0                            LAT/LON1/LON2/DLON/H
  256  255  256  246  229  222  236  265  290  298  293  287  283  273  249  214
  183  169  175  193  208  213  210  209  218  237  258  274  285  294  301  306
  311  328  365  414  457  480  482  479  480  483  484  480  479  491  518  550
  579  596  602  603  605  610  615  613  602  586  568  543  504  451  396  351
  323  309  306  309  313  308  290  269  256
    17.5-180.0 180.0   5.0 450.0                            LAT/LON1/LON2/DLON/H
  258  268  276  270  252  241  252  276  296  300  293  288  287  280  260  227
  195  177  177  190  204  210  206  201  204  217  234  251  266  282  298  310
  320  341  380  430  471  487  481  473  475  484  490  490  490  502  530  566
  599  619  621  612  603  603  610  613  608  596  581  559  524  473  417  369
  335  315  303  298  295  288  274  261  258
    15.0-180.0 180.0   5.0 450.0                            LAT/LON1/LON2/DLON/H
  252  273  289  286  268  253  258  275  289  287  279  275  277  276  260  231
  199  178  173  182  195  201  197  188  187  196  211  229  248  273  298  319
  337  361  400  448  482  489  476  463  466  478  488  489  490  502  530  570
  608  632  633  617  600  594  600  606  603  593  581  565  536  490  434  384
  347  321  302  286  274  262  250  244  252
    12.5-180.0 180.0   5.0 450.0                            LAT/LON1/LON2/DLON/H
  242  273  296  295  276  257  254  264  269  262  251  248  254  258  248  223
  193  169  160  167  179  187  183  172  168  176  191  211  234  266  303  335
  360  387  425  466  492  489  468  452  455  469  479  480  480  492  521  565
  609  637  640  621  598  587  592  598  595  585  575  564  542  500  444  393
  355  327  302  276  254  235  223  224  242
    10.0-180.0 180.0   5.0 450.0                            LAT/LON1/LON2/DLON/H
  232  271  299  301  279  254  244  244  241  228  214  212  220  228  223  203
  176  152  141  145  159  168  165  154  149  158  176  197  224  263  310  354
  389  418  451  484  499  488  461  442  444  457  465  464  463  476  508  555
  603  637  644  625  599  587  590  595  590  577  568  562  544  503  447  394
  356  329  302  269  237  212  199  205  232
     7.5-180.0 180.0   5.0 450.0                            LAT/LON1/LON2/DLON/H
  226  271  303  306  281  251  232  223  211  192  175  171  180  189  188  174
  150  127  116  121  136  147  144  134  131  144  165  189  218  261  318  374
  417  448  476  500  505  486  455  435  435  444  448  444  444  460  495  544
  595  633  645  629  605  593  596  599  590  575  565  560  544  501  440  384
  348  326  300  265  227  197  183  193  226
     5.0-180.0 180.0   5.0 450.0                            LAT/LON1/LON2/DLON/H
  226  274  309  313  288  252  225  207  188  163  142  134  139  148  150  140
  120   99   89   96  113  126  123  114  116  134  160  184  213  259  324  390
  441  473  496  510  508  484  451  430  427  431  429  422  425  445  484  534
  586  626  642  633  613  604  607  608  597  578  567  562  543  493  424  364
  330  314  296  264  224  192  178  190  226
     2.5-180.0 180.0   5.0 450.0                            LAT/LON1/LON2/DLON/H
  231  280  317  324  300  262  228  202  176  147  121  106  105  110  112  106
   91   73   64   73   92  106  104   97  104  128  158  182  208  254  324  399
  455  488  506  514  505  479  446  424  418  416  409  401  407  433  475  525
  575  616  636  633  620  614  618  619  606  586  573  565  539  479  400  334
  303  295  287  263  227  196  183  195  231
